2.404825557695772886e+00 5.520078110286310569e+00 8.653727912911012510e+00 1.179153443901428133e+01 1.493091770848778665e+01 1.807106396791092351e+01 2.121163662987925846e+01 2.435247153074930182e+01 2.749347913204025673e+01 3.063460646843197566e+01
3.831705970207512468e+00 7.015586669815618848e+00 1.017346813506272163e+01 1.332369193631422277e+01 1.647063005087763443e+01 1.961585851046824303e+01 2.276008438059277239e+01 2.590367208761838214e+01 2.904682853491685535e+01 3.218967991097440517e+01
5.135622301840682802e+00 8.417244140399864349e+00 1.161984117214906043e+01 1.479595178235126163e+01 1.795981949498782626e+01 2.111699705302184427e+01 2.427011231357310450e+01 2.742057354998455665e+01 3.056920449551639507e+01 3.371651950922269947e+01
6.380161895923984083e+00 9.761023129981669655e+00 1.301520072169843445e+01 1.622346616031876820e+01 1.940941522643501216e+01 2.258272959310444250e+01 2.574816669929497692e+01 2.890835078092175792e+01 3.206485240709771034e+01 3.521867073861011477e+01
7.588342434503803524e+00 1.106470948850118496e+01 1.437253667161759019e+01 1.761596604980483249e+01 2.082693295696238778e+01 2.401901952477111024e+01 2.719908776598125044e+01 3.037100766711724731e+01 3.353713771181921999e+01 3.669900112874464781e+01
8.771483815959953745e+00 1.233860419746694426e+01 1.570017407971167067e+01 1.898013387517992001e+01 2.221779989656126730e+01 2.543034115422270602e+01 2.862661830729113888e+01 3.181171672404776274e+01 3.498878129455929553e+01 3.815986856196713006e+01
9.936109524217684452e+00 1.358929017054121680e+01 1.700381966781601406e+01 2.032078921356650625e+01 2.358608443558139101e+01 2.682015198341140305e+01 3.003372238657046722e+01 3.323304176284712241e+01 3.642201966825845716e+01 3.960323941607540377e+01
1.108637001924508425e+01 1.482126872701317133e+01 1.828758283248172845e+01 2.164154101984840040e+01 2.493492788767302315e+01 2.819118845948320029e+01 3.142279419226558090e+01 3.463708935206932438e+01 3.783871738285360919e+01 4.103077369158553722e+01
1.222509226400465643e+01 1.603777419088770984e+01 1.955453643099705374e+01 2.294517313187461838e+01 2.626681464117664433e+01 2.954565967099854973e+01 3.279580003734146487e+01 3.602561506386957291e+01 3.924044799517813686e+01 4.244388774327355662e+01
1.335430047743533066e+01 1.724122038248912858e+01 2.080704778926410725e+01 2.423388525775055058e+01 2.758374896357300798e+01 3.088537896769667412e+01 3.415437792385509397e+01 3.740009997715658585e+01 4.062855371896452539e+01 4.384380142033734984e+01
