3.831705970207512024e+00 7.015586669815618848e+00 1.017346813506272163e+01 1.332369193631422277e+01 1.647063005087763443e+01 1.961585851046824303e+01 2.276008438059277239e+01 2.590367208761838214e+01 2.904682853491685535e+01 3.218967991097440517e+01
1.841183781340659298e+00 5.331442773525032486e+00 8.536316366346285989e+00 1.170600490259206339e+01 1.486358863390903196e+01 1.801552786268180384e+01 2.116436985918878833e+01 2.431132685721077635e+01 2.745705057105924496e+01 3.060192297266909378e+01
3.054236928227140435e+00 6.706133194158459432e+00 9.969467823087596159e+00 1.317037085601612389e+01 1.634752231832178282e+01 1.951291278248820404e+01 2.267158177247742401e+01 2.582603714178526388e+01 2.897767277299367805e+01 3.212732702044347377e+01
4.201188941210528327e+00 8.015236598375953037e+00 1.134592431074300656e+01 1.458584828616702822e+01 1.778874786606646907e+01 2.097247693653769929e+01 2.414489743290926427e+01 2.731005793020434780e+01 3.047026880629042367e+01 3.362694918279667888e+01
5.317553126083994108e+00 9.282396285241613754e+00 1.268190844263889083e+01 1.596410703773155149e+01 1.919602880004890366e+01 2.240103226768900413e+01 2.558975968138673451e+01 2.876783621766650256e+01 3.193853934097278469e+01 3.510391667734676702e+01
6.415616375700240681e+00 1.051986087377230916e+01 1.398718863014030056e+01 1.731284248788462676e+01 2.057551452138688930e+01 2.380358147659386248e+01 2.701030789777771801e+01 3.020284907898166082e+01 3.338544390101012027e+01 3.656077768688035690e+01
7.501266144684147541e+00 1.173493595304270798e+01 1.526818146109787300e+01 1.863744300966620315e+01 2.193171501780223664e+01 2.518392559949962362e+01 2.840977636251008676e+01 3.161787571610503633e+01 3.481339298429742968e+01 3.799964089771530240e+01
8.577836489714073309e+00 1.293238623708957569e+01 1.652936588436694265e+01 1.994185336652734009e+01 2.326805292645757106e+01 2.654503206182357644e+01 2.979074858319661345e+01 3.301517864137514380e+01 3.622438054878715974e+01 3.942227457893925902e+01
9.647421651997216685e+00 1.411551890789461972e+01 1.777401236691525810e+01 2.122906262285312451e+01 2.458719748631768098e+01 2.788926942795509234e+01 3.115532655618832436e+01 3.439662855427218346e+01 3.762007804419708634e+01 4.083017868182204069e+01
1.071143397069994663e+01 1.528673766733295025e+01 1.900459353794605377e+01 2.250139872677728192e+01 2.589127727683913349e+01 2.921856349993608148e+01 3.250524735237552676e+01 3.576379292880879746e+01 3.900190281151422056e+01 4.222463843075328072e+01
